5   6   100   8   
0     190
0     190
0     190
0     190
0     190
0     190
0     190
0     190
0   40    50    0    0    0    0   0     1236
1   25    85    90    20    8    1   255   0     1107
2   60    55    90    10    8    1   255   20     84
3   35    5    90    20    8    1   255   562     629
4   30    30    90    10    8    1   255   541     600
5   44    5    90    20    8    1   255   286     347
6   75    55    90    20    8    1   255   0     1110
7   25    55    90    10    8    1   255   0     1130
8   55    85    90    20    8    1   255   647     726
9   88    35    90    20    8    1   255   109     170
10   28    55    90    10    8    1   255   732     777
11   65    85    90    40    8    1   255   475     518
12   48    40    90    10    8    1   255   76     129
13   50    35    90    20    8    1   255   262     317
14   23    55    90    20    8    1   255   546     593
15   90    35    90    10    8    1   255   203     260
16   60    80    90    10    8    1   255   0     1109
17   45    35    90    10    8    1   255   916     969
18   10    35    90    20    8    1   255   0     1112
19   45    65    90    20    8    1   255   0     1130
20   35    69    90    10    8    1   255   448     505
21   38    15    90    10    4    2   85   170   0     1110
22   45    70    90    30    4    2   85   170   0     1125
23   48    30    90    10    4    2   85   170   632     693
24   85    25    90    10    4    2   85   170   769     820
25   60    60    90    10    4    2   85   170   0     1123
26   15    80    90    10    4    2   85   170   278     345
27   47    40    90    10    4    2   85   170   12     77
28   8    40    90    40    4    2   85   170   87     158
29   45    30    90    10    4    2   85   170   734     777
30   40    66    90    20    4    2   85   170   0     1130
31   55    80    90    10    4    2   85   170   743     820
32   20    55    90    10    4    2   85   170   449     504
33   40    69    90    20    4    2   85   170   621     702
34   42    65    90    10    4    2   85   170   0     1130
35   38    68    90    20    4    2   85   170   255     324
36   2    40    90    20    4    2   85   170   0     1106
37   25    52    90    40    4    2   85   170   169     224
38   68    60    90    30    4    2   85   170   0     1116
39   60    85    90    30    4    2   85   170   561     622
40   25    30    90    10    4    2   85   170   725     786
41   25    50    90    10    3    2   73   146   65     144
42   0    45    90    20    3    2   73   146   567     624
43   25    35    90    10    3    2   73   146   0     1124
44   40    15    90    40    3    2   73   146   35     87
45   20    80    90    40    3    2   73   146   384     429
46   18    75    90    20    3    2   73   146   99     148
47   5    35    90    10    3    2   73   146   283     344
48   15    75    90    20    3    2   73   146   179     254
49   45    68    90    10    3    2   73   146   0     1127
50   30    35    90    10    3    2   73   146   1054     1127
51   22    75    90    30    3    2   73   146   30     92
52   62    80    90    30    3    2   73   146   0     1108
53   22    85    90    10    3    2   73   146   567     620
54   58    75    90    20    3    2   73   146   0     1115
55   53    30    90    10    3    2   73   146   0     1122
56   66    55    90    10    3    2   73   146   173     238
57   65    60    90    30    3    2   73   146   645     708
58   42    66    90    10    3    2   73   146   0     1129
59   20    50    90    10    3    2   73   146   358     405
60   28    35    90    10    3    2   73   146   1001     1066
61   30    52    90    20    2    4   17   34   68   136   0     1135
62   65    55    90    20    2    4   17   34   68   136   85     144
63   85    35    90    30    2    4   17   34   68   136   47     124
64   26    32    90    10    2    4   17   34   68   136   0     1123
65   28    52    90    20    2    4   17   34   68   136   812     883
66   50    40    90    50    2    4   17   34   68   136   171     218
67   95    35    90    20    2    4   17   34   68   136   293     360
68   87    30    90    10    2    4   17   34   68   136   668     731
69   10    40    90    30    2    4   17   34   68   136   31     100
70   53    35    90    50    2    4   17   34   68   136   353     412
71   65    82    90    10    2    4   17   34   68   136   0     1105
72   95    30    90    30    2    4   17   34   68   136   387     456
73   47    35    90    10    2    4   17   34   68   136   826     875
74   35    66    90    10    2    4   17   34   68   136   357     410
75   33    32    90    20    2    4   17   34   68   136   68     149
76   42    10    90    40    2    4   17   34   68   136   186     257
77   35    32    90    10    2    4   17   34   68   136   166     235
78   70    58    90    20    2    4   17   34   68   136   458     523
79   35    30    90    10    2    4   17   34   68   136   264     321
80   38    70    90    10    2    4   17   34   68   136   534     605
81   30    32    90    30    1    8   1   2   4   8   16   32   64   128   448     509
82   42    68    90    10    1    8   1   2   4   8   16   32   64   128   727     782
83   5    45    90    10    1    8   1   2   4   8   16   32   64   128   665     716
84   8    45    90    20    1    8   1   2   4   8   16   32   64   128   0     1113
85   88    30    90    10    1    8   1   2   4   8   16   32   64   128   574     643
86   20    85    90    40    1    8   1   2   4   8   16   32   64   128   475     528
87   67    85    90    20    1    8   1   2   4   8   16   32   64   128   368     441
88   63    58    90    10    1    8   1   2   4   8   16   32   64   128   737     802
89   92    30    90    10    1    8   1   2   4   8   16   32   64   128   478     551
90   50    30    90    10    1    8   1   2   4   8   16   32   64   128   531     610
91   33    35    90    10    1    8   1   2   4   8   16   32   64   128   16     80
92   0    40    90    30    1    8   1   2   4   8   16   32   64   128   479     522
93   38    5    90    30    1    8   1   2   4   8   16   32   64   128   471     534
94   72    55    90    10    1    8   1   2   4   8   16   32   64   128   0     1113
95   23    52    90    10    1    8   1   2   4   8   16   32   64   128   261     316
96   42    15    90    10    1    8   1   2   4   8   16   32   64   128   95     158
97   28    30    90    10    1    8   1   2   4   8   16   32   64   128   0     1122
98   40    5    90    30    1    8   1   2   4   8   16   32   64   128   385     436
99   30    50    90    10    1    8   1   2   4   8   16   32   64   128   10     73
100   32    30    90    10    1    8   1   2   4   8   16   32   64   128   359     412
