5   6   100   8   
0     200
0     200
0     200
0     200
0     200
0     200
0     200
0     200
0   40    50    0    0    0    0   0     1236
1   65    85    90    40    8    1   255   475     518
2   48    30    90    10    8    1   255   632     693
3   68    60    90    30    8    1   255   0     1116
4   60    85    90    30    8    1   255   0     1105
5   65    60    90    30    8    1   255   645     708
6   85    25    90    10    8    1   255   769     820
7   20    55    90    10    8    1   255   449     504
8   35    32    90    10    8    1   255   166     235
9   38    15    90    10    8    1   255   0     1110
10   40    69    90    20    8    1   255   621     702
11   66    55    90    10    8    1   255   0     1119
12   18    75    90    20    8    1   255   99     148
13   20    85    90    40    8    1   255   0     1105
14   40    5    90    30    8    1   255   385     436
15   42    10    90    40    8    1   255   0     1105
16   45    30    90    10    8    1   255   734     777
17   25    85    90    20    8    1   255   0     1107
18   15    80    90    10    8    1   255   0     1106
19   55    80    90    10    8    1   255   743     820
20   38    5    90    30    8    1   255   471     534
21   42    66    90    10    4    2   85   170   0     1129
22   58    75    90    20    4    2   85   170   0     1115
23   30    35    90    10    4    2   85   170   0     1127
24   95    30    90    30    4    2   85   170   387     456
25   48    40    90    10    4    2   85   170   76     129
26   38    68    90    20    4    2   85   170   255     324
27   42    68    90    10    4    2   85   170   727     782
28   23    55    90    20    4    2   85   170   0     1128
29   15    75    90    20    4    2   85   170   0     1110
30   10    40    90    30    4    2   85   170   0     1114
31   72    55    90    10    4    2   85   170   0     1113
32   35    30    90    10    4    2   85   170   264     321
33   45    35    90    10    4    2   85   170   916     969
34   5    35    90    10    4    2   85   170   283     344
35   33    35    90    10    4    2   85   170   0     1129
36   90    35    90    10    4    2   85   170   203     260
37   20    50    90    10    4    2   85   170   0     1126
38   30    52    90    20    4    2   85   170   0     1135
39   60    55    90    10    4    2   85   170   0     1125
40   30    32    90    30    4    2   85   170   0     1125
41   28    30    90    10    3    2   73   146   0     1122
42   38    70    90    10    3    2   73   146   534     605
43   22    75    90    30    3    2   73   146   30     92
44   2    40    90    20    3    2   73   146   0     1106
45   25    55    90    10    3    2   73   146   0     1130
46   60    60    90    10    3    2   73   146   0     1123
47   67    85    90    20    3    2   73   146   368     441
48   50    30    90    10    3    2   73   146   0     1123
49   28    52    90    20    3    2   73   146   812     883
50   25    52    90    40    3    2   73   146   169     224
51   45    68    90    10    3    2   73   146   0     1127
52   92    30    90    10    3    2   73   146   0     1090
53   35    66    90    10    3    2   73   146   357     410
54   65    55    90    20    3    2   73   146   85     144
55   87    30    90    10    3    2   73   146   668     731
56   53    30    90    10    3    2   73   146   0     1122
57   50    35    90    20    3    2   73   146   262     317
58   44    5    90    20    3    2   73   146   286     347
59   62    80    90    30    3    2   73   146   0     1108
60   88    30    90    10    3    2   73   146   574     643
61   55    85    90    20    2    4   17   34   68   136   647     726
62   40    15    90    40    2    4   17   34   68   136   0     1111
63   53    35    90    50    2    4   17   34   68   136   353     412
64   42    65    90    10    2    4   17   34   68   136   0     1130
65   30    50    90    10    2    4   17   34   68   136   0     1136
66   45    70    90    30    2    4   17   34   68   136   0     1125
67   5    45    90    10    2    4   17   34   68   136   665     716
68   25    30    90    10    2    4   17   34   68   136   0     1121
69   0    40    90    30    2    4   17   34   68   136   479     522
70   25    50    90    10    2    4   17   34   68   136   0     1131
71   35    69    90    10    2    4   17   34   68   136   448     505
72   28    55    90    10    2    4   17   34   68   136   732     777
73   8    40    90    40    2    4   17   34   68   136   87     158
74   30    30    90    10    2    4   17   34   68   136   541     600
75   70    58    90    20    2    4   17   34   68   136   458     523
76   63    58    90    10    2    4   17   34   68   136   0     1121
77   8    45    90    20    2    4   17   34   68   136   0     1113
78   75    55    90    20    2    4   17   34   68   136   0     1110
79   65    82    90    10    2    4   17   34   68   136   0     1105
80   26    32    90    10    2    4   17   34   68   136   0     1123
81   45    65    90    20    1    8   1   2   4   8   16   32   64   128   0     1130
82   60    80    90    10    1    8   1   2   4   8   16   32   64   128   0     1109
83   42    15    90    10    1    8   1   2   4   8   16   32   64   128   95     158
84   95    35    90    20    1    8   1   2   4   8   16   32   64   128   0     1088
85   10    35    90    20    1    8   1   2   4   8   16   32   64   128   0     1112
86   20    80    90    40    1    8   1   2   4   8   16   32   64   128   384     429
87   88    35    90    20    1    8   1   2   4   8   16   32   64   128   109     170
88   28    35    90    10    1    8   1   2   4   8   16   32   64   128   1001     1066
89   47    35    90    10    1    8   1   2   4   8   16   32   64   128   826     875
90   22    85    90    10    1    8   1   2   4   8   16   32   64   128   0     1106
91   85    35    90    30    1    8   1   2   4   8   16   32   64   128   0     1098
92   40    66    90    20    1    8   1   2   4   8   16   32   64   128   0     1130
93   25    35    90    10    1    8   1   2   4   8   16   32   64   128   0     1124
94   0    45    90    20    1    8   1   2   4   8   16   32   64   128   567     624
95   33    32    90    20    1    8   1   2   4   8   16   32   64   128   68     149
96   35    5    90    20    1    8   1   2   4   8   16   32   64   128   0     1100
97   23    52    90    10    1    8   1   2   4   8   16   32   64   128   261     316
98   47    40    90    10    1    8   1   2   4   8   16   32   64   128   12     77
99   50    40    90    50    1    8   1   2   4   8   16   32   64   128   0     1131
100   32    30    90    10    1    8   1   2   4   8   16   32   64   128   359     412
