5   7   100   8
0     180
0     180
0     180
0     180
0     180
0     180
0     180
0     180
0   40    50    0    0    0    0   0     1236
1   25    35    90    10    8    1   255   912     969
2   40    5    90    30    8    1   255   385     436
3   18    75    90    20    8    1   255   99     148
4   25    55    90    10    8    1   255   622     701
5   38    5    90    30    8    1   255   471     534
6   23    52    90    10    8    1   255   261     316
7   55    85    90    20    8    1   255   647     726
8   47    40    90    10    8    1   255   12     77
9   42    65    90    10    8    1   255   15     67
10   28    52    90    20    8    1   255   812     883
11   40    15    90    40    8    1   255   35     87
12   60    55    90    10    8    1   255   20     84
13   45    70    90    30    8    1   255   825     870
14   87    30    90    10    8    1   255   668     731
15   42    68    90    10    8    1   255   727     782
16   88    30    90    10    8    1   255   574     643
17   65    55    90    20    8    1   255   85     144
18   20    80    90    40    8    1   255   384     429
19   22    75    90    30    8    1   255   30     92
20   63    58    90    10    8    1   255   737     802
21   70    58    90    20    4    2   85   170   458     523
22   10    35    90    20    4    2   85   170   200     237
23   65    85    90    40    4    2   85   170   475     518
24   15    75    90    20    4    2   85   170   179     254
25   45    65    90    20    4    2   85   170   997     1068
26   25    52    90    40    4    2   85   170   169     224
27   55    80    90    10    4    2   85   170   743     820
28   60    80    90    10    4    2   85   170   95     156
29   35    69    90    10    4    2   85   170   448     505
30   23    55    90    20    4    2   85   170   546     593
31   33    32    90    20    4    2   85   170   68     149
32   50    35    90    20    4    2   85   170   262     317
33   62    80    90    30    4    2   85   170   196     239
34   28    35    90    10    4    2   85   170   1001     1066
35   5    35    90    10    4    2   85   170   283     344
36   95    30    90    30    4    2   85   170   387     456
37   26    32    90    10    4    2   85   170   815     880
38   0    40    90    30    4    2   85   170   479     522
39   40    69    90    20    4    2   85   170   621     702
40   48    40    90    10    4    2   85   170   76     129
41   45    35    90    10    3    2   73   146   916     969
42   60    60    90    10    3    2   73   146   836     889
43   85    25    90    10    3    2   73   146   769     820
44   65    60    90    30    3    2   73   146   645     708
45   0    45    90    20    3    2   73   146   567     624
46   30    30    90    10    3    2   73   146   541     600
47   95    35    90    20    3    2   73   146   293     360
48   30    52    90    20    3    2   73   146   914     965
49   66    55    90    10    3    2   73   146   173     238
50   15    80    90    10    3    2   73   146   278     345
51   45    68    90    10    3    2   73   146   912     967
52   92    30    90    10    3    2   73   146   478     551
53   45    30    90    10    3    2   73   146   734     777
54   25    85    90    20    3    2   73   146   652     721
55   20    55    90    10    3    2   73   146   449     504
56   42    66    90    10    3    2   73   146   65     146
57   38    15    90    10    3    2   73   146   651     740
58   35    32    90    10    3    2   73   146   166     235
59   50    30    90    10    3    2   73   146   531     610
60   8    40    90    40    3    2   73   146   87     158
61   28    55    90    10    2    4   17   34   68   136   732     777
62   42    15    90    10    2    4   17   34   68   136   95     158
63   38    68    90    20    2    4   17   34   68   136   255     324
64   25    50    90    10    2    4   17   34   68   136   65     144
65   35    66    90    10    2    4   17   34   68   136   357     410
66   33    35    90    10    2    4   17   34   68   136   16     80
67   53    30    90    10    2    4   17   34   68   136   450     505
68   10    40    90    30    2    4   17   34   68   136   31     100
69   5    45    90    10    2    4   17   34   68   136   665     716
70   85    35    90    30    2    4   17   34   68   136   47     124
71   30    50    90    10    2    4   17   34   68   136   10     73
72   60    85    90    30    2    4   17   34   68   136   561     622
73   65    82    90    10    2    4   17   34   68   136   285     336
74   28    30    90    10    2    4   17   34   68   136   632     693
75   50    40    90    50    2    4   17   34   68   136   171     218
76   67    85    90    20    2    4   17   34   68   136   368     441
77   20    85    90    40    2    4   17   34   68   136   475     528
78   68    60    90    30    2    4   17   34   68   136   555     612
79   2    40    90    20    2    4   17   34   68   136   383     434
80   25    30    90    10    2    4   17   34   68   136   725     786
81   8    45    90    20    1    8   1   2   4   8   16   32   64   128   751     816
82   90    35    90    10    1    8   1   2   4   8   16   32   64   128   203     260
83   58    75    90    20    1    8   1   2   4   8   16   32   64   128   30     84
84   75    55    90    20    1    8   1   2   4   8   16   32   64   128   369     420
85   35    30    90    10    1    8   1   2   4   8   16   32   64   128   264     321
86   30    35    90    10    1    8   1   2   4   8   16   32   64   128   1054     1127
87   88    35    90    20    1    8   1   2   4   8   16   32   64   128   109     170
88   42    10    90    40    1    8   1   2   4   8   16   32   64   128   186     257
89   30    32    90    30    1    8   1   2   4   8   16   32   64   128   448     509
90   48    30    90    10    1    8   1   2   4   8   16   32   64   128   632     693
91   47    35    90    10    1    8   1   2   4   8   16   32   64   128   826     875
92   53    35    90    50    1    8   1   2   4   8   16   32   64   128   353     412
93   40    66    90    20    1    8   1   2   4   8   16   32   64   128   170     225
94   22    85    90    10    1    8   1   2   4   8   16   32   64   128   567     620
95   72    55    90    10    1    8   1   2   4   8   16   32   64   128   265     338
96   20    50    90    10    1    8   1   2   4   8   16   32   64   128   358     405
97   38    70    90    10    1    8   1   2   4   8   16   32   64   128   534     605
98   44    5    90    20    1    8   1   2   4   8   16   32   64   128   286     347
99   35    5    90    20    1    8   1   2   4   8   16   32   64   128   562     629
100   32    30    90    10    1    8   1   2   4   8   16   32   64   128   359     412
