5   8   100   8   
0     120
0     120
0     120
0     120
0     120
0     120
0     120
0     120
0   40    50    0    0    0    0   0     1236
1   67    85    90    20    8    1   255   368     441
2   62    80    90    30    8    1   255   0     1108
3   42    66    90    10    8    1   255   0     1129
4   45    35    90    10    8    1   255   916     969
5   10    35    90    20    8    1   255   0     1112
6   5    35    90    10    8    1   255   0     1107
7   25    35    90    10    8    1   255   0     1124
8   33    35    90    10    8    1   255   0     1129
9   60    60    90    10    8    1   255   0     1123
10   38    68    90    20    8    1   255   255     324
11   15    80    90    10    8    1   255   0     1106
12   44    5    90    20    8    1   255   286     347
13   20    80    90    40    8    1   255   384     429
14   68    60    90    30    8    1   255   0     1116
15   8    45    90    20    8    1   255   0     1113
16   48    30    90    10    8    1   255   0     1124
17   42    65    90    10    8    1   255   0     1130
18   22    85    90    10    8    1   255   0     1106
19   40    66    90    20    8    1   255   0     1130
20   45    68    90    10    8    1   255   0     1127
21   35    32    90    10    4    2   85   170   0     1127
22   35    66    90    10    4    2   85   170   0     1129
23   23    52    90    10    4    2   85   170   0     1128
24   60    85    90    30    4    2   85   170   0     1105
25   65    60    90    30    4    2   85   170   0     1119
26   60    80    90    10    4    2   85   170   0     1109
27   20    55    90    10    4    2   85   170   0     1125
28   50    40    90    50    4    2   85   170   0     1131
29   92    30    90    10    4    2   85   170   0     1090
30   88    35    90    20    4    2   85   170   0     1095
31   42    10    90    40    4    2   85   170   0     1105
32   60    55    90    10    4    2   85   170   0     1125
33   55    80    90    10    4    2   85   170   743     820
34   72    55    90    10    4    2   85   170   0     1113
35   28    55    90    10    4    2   85   170   732     777
36   25    50    90    10    4    2   85   170   0     1131
37   90    35    90    10    4    2   85   170   203     260
38   35    30    90    10    4    2   85   170   0     1125
39   18    75    90    20    4    2   85   170   0     1112
40   38    15    90    10    4    2   85   170   0     1110
41   87    30    90    10    3    2   73   146   668     731
42   66    55    90    10    3    2   73   146   0     1119
43   58    75    90    20    3    2   73   146   0     1115
44   23    55    90    20    3    2   73   146   0     1128
45   65    55    90    20    3    2   73   146   85     144
46   30    35    90    10    3    2   73   146   0     1127
47   45    70    90    30    3    2   73   146   0     1125
48   2    40    90    20    3    2   73   146   0     1106
49   53    35    90    50    3    2   73   146   353     412
50   40    69    90    20    3    2   73   146   0     1127
51   65    82    90    10    3    2   73   146   0     1105
52   75    55    90    20    3    2   73   146   0     1110
53   25    85    90    20    3    2   73   146   0     1107
54   42    15    90    10    3    2   73   146   95     158
55   65    85    90    40    3    2   73   146   0     1102
56   28    35    90    10    3    2   73   146   0     1126
57   47    35    90    10    3    2   73   146   0     1129
58   20    85    90    40    3    2   73   146   0     1105
59   40    15    90    40    3    2   73   146   0     1111
60   45    65    90    20    3    2   73   146   0     1130
61   47    40    90    10    2    4   17   34   68   136   12     77
62   32    30    90    10    2    4   17   34   68   136   359     412
63   95    30    90    30    2    4   17   34   68   136   0     1087
64   8    40    90    40    2    4   17   34   68   136   0     1112
65   85    25    90    10    2    4   17   34   68   136   0     1094
66   50    35    90    20    2    4   17   34   68   136   262     317
67   0    40    90    30    2    4   17   34   68   136   479     522
68   22    75    90    30    2    4   17   34   68   136   30     92
69   35    69    90    10    2    4   17   34   68   136   448     505
70   30    30    90    10    2    4   17   34   68   136   0     1123
71   88    30    90    10    2    4   17   34   68   136   574     643
72   63    58    90    10    2    4   17   34   68   136   0     1121
73   26    32    90    10    2    4   17   34   68   136   0     1123
74   5    45    90    10    2    4   17   34   68   136   0     1110
75   85    35    90    30    2    4   17   34   68   136   0     1098
76   40    5    90    30    2    4   17   34   68   136   0     1101
77   30    52    90    20    2    4   17   34   68   136   0     1135
78   10    40    90    30    2    4   17   34   68   136   0     1114
79   38    70    90    10    2    4   17   34   68   136   534     605
80   25    30    90    10    2    4   17   34   68   136   0     1121
81   45    30    90    10    1    8   1   2   4   8   16   32   64   128   0     1125
82   0    45    90    20    1    8   1   2   4   8   16   32   64   128   0     1105
83   25    52    90    40    1    8   1   2   4   8   16   32   64   128   169     224
84   15    75    90    20    1    8   1   2   4   8   16   32   64   128   0     1110
85   95    35    90    20    1    8   1   2   4   8   16   32   64   128   0     1088
86   20    50    90    10    1    8   1   2   4   8   16   32   64   128   0     1126
87   25    55    90    10    1    8   1   2   4   8   16   32   64   128   0     1130
88   50    30    90    10    1    8   1   2   4   8   16   32   64   128   0     1123
89   30    50    90    10    1    8   1   2   4   8   16   32   64   128   0     1136
90   70    58    90    20    1    8   1   2   4   8   16   32   64   128   458     523
91   28    30    90    10    1    8   1   2   4   8   16   32   64   128   0     1122
92   38    5    90    30    1    8   1   2   4   8   16   32   64   128   471     534
93   42    68    90    10    1    8   1   2   4   8   16   32   64   128   727     782
94   35    5    90    20    1    8   1   2   4   8   16   32   64   128   0     1100
95   53    30    90    10    1    8   1   2   4   8   16   32   64   128   0     1122
96   28    52    90    20    1    8   1   2   4   8   16   32   64   128   0     1133
97   33    32    90    20    1    8   1   2   4   8   16   32   64   128   0     1126
98   55    85    90    20    1    8   1   2   4   8   16   32   64   128   647     726
99   48    40    90    10    1    8   1   2   4   8   16   32   64   128   0     1133
100   30    32    90    30    1    8   1   2   4   8   16   32   64   128   0     1125
