5   7   100   8   
0     160
0     160
0     160
0     160
0     160
0     160
0     160
0     160
0   40    50    0    0    0    0   0     1236
1   23    52    90    10    8    1   255   234     343
2   20    50    90    10    8    1   255   335     428
3   88    35    90    20    8    1   255   78     201
4   68    60    90    30    8    1   255   527     640
5   28    55    90    10    8    1   255   709     800
6   45    35    90    10    8    1   255   889     996
7   42    68    90    10    8    1   255   699     810
8   42    65    90    10    8    1   255   15     120
9   15    75    90    20    8    1   255   142     291
10   30    35    90    10    8    1   255   982     1127
11   0    45    90    20    8    1   255   538     653
12   85    25    90    10    8    1   255   744     845
13   50    35    90    20    8    1   255   235     344
14   63    58    90    10    8    1   255   705     834
15   10    40    90    30    8    1   255   31     170
16   8    40    90    40    8    1   255   52     193
17   5    45    90    10    8    1   255   639     742
18   67    85    90    20    8    1   255   331     478
19   30    32    90    30    8    1   255   417     540
20   40    5    90    30    8    1   255   359     462
21   65    82    90    10    4    2   85   170   260     361
22   22    85    90    10    4    2   85   170   541     646
23   20    80    90    40    4    2   85   170   362     451
24   60    85    90    30    4    2   85   170   531     652
25   5    35    90    10    4    2   85   170   252     375
26   23    55    90    20    4    2   85   170   523     616
27   40    15    90    40    4    2   85   170   35     140
28   42    15    90    10    4    2   85   170   63     190
29   42    66    90    10    4    2   85   170   25     186
30   70    58    90    20    4    2   85   170   425     556
31   53    30    90    10    4    2   85   170   422     533
32   45    68    90    10    4    2   85   170   885     994
33   35    69    90    10    4    2   85   170   420     533
34   85    35    90    30    4    2   85   170   47     201
35   18    75    90    20    4    2   85   170   75     172
36   38    15    90    10    4    2   85   170   607     784
37   58    75    90    20    4    2   85   170   30     139
38   60    55    90    10    4    2   85   170   20     148
39   65    85    90    40    4    2   85   170   453     540
40   87    30    90    10    4    2   85   170   636     763
41   50    40    90    50    3    2   73   146   147     242
42   95    35    90    20    3    2   73   146   260     393
43   10    35    90    20    3    2   73   146   181     256
44   2    40    90    20    3    2   73   146   357     460
45   38    70    90    10    3    2   73   146   499     640
46   35    66    90    10    3    2   73   146   331     436
47   60    60    90    10    3    2   73   146   809     916
48   75    55    90    20    3    2   73   146   344     445
49   25    55    90    10    3    2   73   146   582     741
50   47    35    90    10    3    2   73   146   802     899
51   26    32    90    10    3    2   73   146   783     912
52   55    80    90    10    3    2   73   146   705     858
53   40    66    90    20    3    2   73   146   142     253
54   38    5    90    30    3    2   73   146   439     566
55   92    30    90    10    3    2   73   146   442     587
56   66    55    90    10    3    2   73   146   141     270
57   35    5    90    20    3    2   73   146   529     662
58   30    52    90    20    3    2   73   146   888     991
59   8    45    90    20    3    2   73   146   719     848
60   35    32    90    10    3    2   73   146   132     269
61   28    52    90    20    2    4   17   34   68   136   776     919
62   40    69    90    20    2    4   17   34   68   136   580     743
63   35    30    90    10    2    4   17   34   68   136   236     349
64   30    50    90    10    2    4   17   34   68   136   10     137
65   45    65    90    20    2    4   17   34   68   136   962     1103
66   20    55    90    10    2    4   17   34   68   136   422     531
67   15    80    90    10    2    4   17   34   68   136   244     379
68   88    30    90    10    2    4   17   34   68   136   539     678
69   42    10    90    40    2    4   17   34   68   136   150     293
70   50    30    90    10    2    4   17   34   68   136   491     650
71   25    35    90    10    2    4   17   34   68   136   883     998
72   55    85    90    20    2    4   17   34   68   136   608     765
73   25    30    90    10    2    4   17   34   68   136   695     816
74   38    68    90    20    2    4   17   34   68   136   220     359
75   95    30    90    30    2    4   17   34   68   136   353     490
76   65    60    90    30    2    4   17   34   68   136   614     739
77   48    40    90    10    2    4   17   34   68   136   50     155
78   48    30    90    10    2    4   17   34   68   136   601     724
79   53    35    90    50    2    4   17   34   68   136   323     442
80   25    50    90    10    2    4   17   34   68   136   25     184
81   28    35    90    10    1    8   1   2   4   8   16   32   64   128   969     1098
82   65    55    90    20    1    8   1   2   4   8   16   32   64   128   56     173
83   28    30    90    10    1    8   1   2   4   8   16   32   64   128   601     724
84   32    30    90    10    1    8   1   2   4   8   16   32   64   128   332     439
85   25    85    90    20    1    8   1   2   4   8   16   32   64   128   617     756
86   45    30    90    10    1    8   1   2   4   8   16   32   64   128   712     799
87   47    40    90    10    1    8   1   2   4   8   16   32   64   128   12     143
88   33    35    90    10    1    8   1   2   4   8   16   32   64   128   16     144
89   45    70    90    30    1    8   1   2   4   8   16   32   64   128   802     893
90   72    55    90    10    1    8   1   2   4   8   16   32   64   128   228     375
91   25    52    90    40    1    8   1   2   4   8   16   32   64   128   142     251
92   30    30    90    10    1    8   1   2   4   8   16   32   64   128   512     629
93   44    5    90    20    1    8   1   2   4   8   16   32   64   128   255     378
94   0    40    90    30    1    8   1   2   4   8   16   32   64   128   457     544
95   62    80    90    30    1    8   1   2   4   8   16   32   64   128   174     261
96   90    35    90    10    1    8   1   2   4   8   16   32   64   128   175     288
97   60    80    90    10    1    8   1   2   4   8   16   32   64   128   64     187
98   33    32    90    20    1    8   1   2   4   8   16   32   64   128   27     190
99   20    85    90    40    1    8   1   2   4   8   16   32   64   128   448     555
100   22    75    90    30    1    8   1   2   4   8   16   32   64   128   30     155
