5   7   100   8  
0     170
0     170
0     170
0     170
0     170
0     170
0     170
0     170
0   35    35    0    0    0    0   0     230
1   64    42    10    9    8    1   255   0     190
2   31    52    10    27    8    1   255   0     202
3   49    42    10    13    8    1   255   73     83
4   12    24    10    13    8    1   255   0     194
5   63    65    10    8    8    1   255   0     178
6   16    22    10    41    8    1   255   0     196
7   57    48    10    23    8    1   255   92     102
8   26    52    10    9    8    1   255   0     200
9   55    5    10    29    8    1   255   68     78
10   37    47    10    6    8    1   255   50     60
11   32    12    10    7    8    1   255   0     196
12   15    77    10    9    8    1   255   0     173
13   15    30    10    26    8    1   255   0     199
14   61    52    10    3    8    1   255   0     188
15   6    68    10    30    8    1   255   0     176
16   27    69    10    10    8    1   255   0     185
17   53    12    10    6    8    1   255   0     190
18   41    49    10    10    8    1   255   0     204
19   31    67    10    3    8    1   255   0     187
20   35    69    10    23    8    1   255   0     186
21   55    60    10    16    4    2   85   170   97     107
22   11    14    10    18    4    2   85   170   69     79
23   35    40    10    16    4    2   85   170   0     215
24   37    56    10    5    4    2   85   170   0     198
25   65    55    10    14    4    2   85   170   0     183
26   49    73    10    25    4    2   85   170   0     179
27   63    23    10    2    4    2   85   170   136     146
28   45    65    10    9    4    2   85   170   0     188
29   37    31    10    14    4    2   85   170   95     105
30   13    52    10    36    4    2   85   170   0     192
31   47    47    10    13    4    2   85   170   0     203
32   55    54    10    26    4    2   85   170   0     192
33   15    10    10    20    4    2   85   170   0     187
34   20    65    10    12    4    2   85   170   67     77
35   62    77    10    20    4    2   85   170   0     170
36   6    38    10    16    4    2   85   170   0     190
37   65    35    10    3    4    2   85   170   0     190
38   35    17    10    7    4    2   85   170   0     202
39   25    21    10    12    4    2   85   170   0     202
40   28    18    10    26    4    2   85   170   93     103
41   8    56    10    27    3    2   73   146   0     185
42   2    48    10    1    3    2   73   146   0     184
43   67    5    10    25    3    2   73   146   83     93
44   20    26    10    9    3    2   73   146   83     93
45   15    60    10    17    3    2   73   146   0     187
46   45    20    10    11    3    2   73   146   0     201
47   55    20    10    19    3    2   73   146   149     159
48   45    30    10    17    3    2   73   146   0     208
49   22    22    10    2    3    2   73   146   18     28
50   56    39    10    36    3    2   73   146   0     198
51   30    5    10    8    3    2   73   146   61     71
52   20    50    10    5    3    2   73   146   0     198
53   56    37    10    6    3    2   73   146   0     198
54   2    60    10    5    3    2   73   146   0     178
55   19    21    10    10    3    2   73   146   0     198
56   49    11    10    18    3    2   73   146   0     192
57   30    25    10    23    3    2   73   146   159     169
58   65    20    10    6    3    2   73   146   172     182
59   57    68    10    15    3    2   73   146   0     180
60   5    5    10    16    3    2   73   146   83     93
61   30    60    10    16    2    4   17   34   68   136   0     194
62   26    27    10    27    2    4   17   34   68   136   0     207
63   14    37    10    11    2    4   17   34   68   136   0     198
64   10    43    10    9    2    4   17   34   68   136   95     105
65   20    20    10    8    2    4   17   34   68   136   0     198
66   36    26    10    18    2    4   17   34   68   136   200     210
67   55    45    10    13    2    4   17   34   68   136   0     197
68   46    13    10    8    2    4   17   34   68   136   149     159
69   21    24    10    28    2    4   17   34   68   136   0     202
70   26    35    10    15    2    4   17   34   68   136   0     211
71   5    30    10    2    2    4   17   34   68   136   0     189
72   4    18    10    35    2    4   17   34   68   136   0     184
73   15    47    10    16    2    4   17   34   68   136   0     196
74   25    30    10    3    2    4   17   34   68   136   0     208
75   10    20    10    19    2    4   17   34   68   136   0     190
76   60    12    10    31    2    4   17   34   68   136   0     186
77   41    37    10    16    2    4   17   34   68   136   0     213
78   49    58    10    10    2    4   17   34   68   136   0     193
79   27    43    10    9    2    4   17   34   68   136   0     208
80   24    12    10    5    2    4   17   34   68   136   0     194
81   40    25    10    9    1    8   1   2   4   8   16   32   64   128   0     208
82   57    29    10    18    1    8   1   2   4   8   16   32   64   128   0     197
83   25    24    10    20    1    8   1   2   4   8   16   32   64   128   0     205
84   23    3    10    7    1    8   1   2   4   8   16   32   64   128   0     185
85   50    35    10    19    1    8   1   2   4   8   16   32   64   128   0     205
86   42    7    10    5    1    8   1   2   4   8   16   32   64   128   0     191
87   15    19    10    1    1    8   1   2   4   8   16   32   64   128   0     194
88   47    16    10    25    1    8   1   2   4   8   16   32   64   128   0     197
89   44    17    10    9    1    8   1   2   4   8   16   32   64   128   0     199
90   45    10    10    18    1    8   1   2   4   8   16   32   64   128   0     193
91   20    40    10    12    1    8   1   2   4   8   16   32   64   128   0     204
92   24    58    10    19    1    8   1   2   4   8   16   32   64   128   58     68
93   53    43    10    14    1    8   1   2   4   8   16   32   64   128   179     189
94   22    27    10    11    1    8   1   2   4   8   16   32   64   128   0     204
95   53    52    10    11    1    8   1   2   4   8   16   32   64   128   0     195
96   18    24    10    22    1    8   1   2   4   8   16   32   64   128   0     199
97   40    60    10    21    1    8   1   2   4   8   16   32   64   128   0     194
98   11    31    10    7    1    8   1   2   4   8   16   32   64   128   101     111
99   17    34    10    3    1    8   1   2   4   8   16   32   64   128   0     201
100   18    18    10    17    1    8   1   2   4   8   16   32   64   128   185     195
