5   8   100   8   
0     200
0     200
0     200
0     200
0     200
0     200
0     200
0     200
0   35    35    0    0    0    0   0     230
1   4    18    10    35    8    1   255   0     184
2   15    30    10    26    8    1   255   0     199
3   23    3    10    7    8    1   255   0     185
4   40    25    10    9    8    1   255   85     95
5   46    13    10    8    8    1   255   149     159
6   61    52    10    3    8    1   255   96     106
7   53    12    10    6    8    1   255   130     140
8   55    20    10    19    8    1   255   149     159
9   22    27    10    11    8    1   255   0     204
10   37    47    10    6    8    1   255   50     60
11   32    12    10    7    8    1   255   0     196
12   10    20    10    19    8    1   255   0     190
13   11    31    10    7    8    1   255   101     111
14   18    18    10    17    8    1   255   185     195
15   65    55    10    14    8    1   255   0     183
16   63    23    10    2    8    1   255   136     146
17   57    29    10    18    8    1   255   0     197
18   26    35    10    15    8    1   255   0     211
19   31    67    10    3    8    1   255   0     187
20   15    10    10    20    8    1   255   0     187
21   31    52    10    27    4    2   85   170   0     202
22   55    45    10    13    4    2   85   170   0     197
23   35    40    10    16    4    2   85   170   37     47
24   55    5    10    29    4    2   85   170   68     78
25   24    12    10    5    4    2   85   170   31     41
26   25    21    10    12    4    2   85   170   0     202
27   25    30    10    3    4    2   85   170   99     109
28   49    58    10    10    4    2   85   170   0     193
29   49    73    10    25    4    2   85   170   127     137
30   27    43    10    9    4    2   85   170   0     208
31   20    50    10    5    4    2   85   170   0     198
32   57    68    10    15    4    2   85   170   0     180
33   28    18    10    26    4    2   85   170   93     103
34   15    60    10    17    4    2   85   170   0     187
35   49    42    10    13    4    2   85   170   73     83
36   40    60    10    21    4    2   85   170   71     81
37   11    14    10    18    4    2   85   170   69     79
38   12    24    10    13    4    2   85   170   0     194
39   8    56    10    27    4    2   85   170   0     185
40   18    24    10    22    4    2   85   170   188     198
41   45    10    10    18    3    2   73   146   97     107
42   60    12    10    31    3    2   73   146   44     54
43   47    47    10    13    3    2   73   146   0     203
44   45    30    10    17    3    2   73   146   0     208
45   20    20    10    8    3    2   73   146   0     198
46   45    65    10    9    3    2   73   146   0     188
47   37    56    10    5    3    2   73   146   182     192
48   37    31    10    14    3    2   73   146   95     105
49   45    20    10    11    3    2   73   146   0     201
50   30    25    10    23    3    2   73   146   159     169
51   64    42    10    9    3    2   73   146   0     190
52   15    47    10    16    3    2   73   146   0     196
53   63    65    10    8    3    2   73   146   143     153
54   22    22    10    2    3    2   73   146   18     28
55   13    52    10    36    3    2   73   146   0     192
56   35    69    10    23    3    2   73   146   0     186
57   53    52    10    11    3    2   73   146   37     47
58   16    22    10    41    3    2   73   146   0     196
59   44    17    10    9    3    2   73   146   0     199
60   65    35    10    3    3    2   73   146   0     190
61   57    48    10    23    2    4   17   34   68   136   92     102
62   25    24    10    20    2    4   17   34   68   136   0     205
63   67    5    10    25    2    4   17   34   68   136   83     93
64   49    11    10    18    2    4   17   34   68   136   0     192
65   30    60    10    16    2    4   17   34   68   136   124     134
66   5    30    10    2    2    4   17   34   68   136   157     167
67   65    20    10    6    2    4   17   34   68   136   172     182
68   15    77    10    9    2    4   17   34   68   136   73     83
69   17    34    10    3    2    4   17   34   68   136   0     201
70   55    54    10    26    2    4   17   34   68   136   0     192
71   2    60    10    5    2    4   17   34   68   136   41     51
72   35    17    10    7    2    4   17   34   68   136   0     202
73   10    43    10    9    2    4   17   34   68   136   95     105
74   56    37    10    6    2    4   17   34   68   136   182     192
75   47    16    10    25    2    4   17   34   68   136   0     197
76   6    68    10    30    2    4   17   34   68   136   108     118
77   26    27    10    27    2    4   17   34   68   136   0     207
78   26    52    10    9    2    4   17   34   68   136   74     84
79   55    60    10    16    2    4   17   34   68   136   97     107
80   36    26    10    18    2    4   17   34   68   136   200     210
81   20    65    10    12    1    8   1   2   4   8   16   32   64   128   67     77
82   41    49    10    10    1    8   1   2   4   8   16   32   64   128   0     204
83   5    5    10    16    1    8   1   2   4   8   16   32   64   128   83     93
84   19    21    10    10    1    8   1   2   4   8   16   32   64   128   0     198
85   24    58    10    19    1    8   1   2   4   8   16   32   64   128   58     68
86   6    38    10    16    1    8   1   2   4   8   16   32   64   128   32     42
87   20    40    10    12    1    8   1   2   4   8   16   32   64   128   0     204
88   41    37    10    16    1    8   1   2   4   8   16   32   64   128   0     213
89   42    7    10    5    1    8   1   2   4   8   16   32   64   128   97     107
90   15    19    10    1    1    8   1   2   4   8   16   32   64   128   0     194
91   62    77    10    20    1    8   1   2   4   8   16   32   64   128   51     61
92   53    43    10    14    1    8   1   2   4   8   16   32   64   128   179     189
93   14    37    10    11    1    8   1   2   4   8   16   32   64   128   0     198
94   27    69    10    10    1    8   1   2   4   8   16   32   64   128   0     185
95   21    24    10    28    1    8   1   2   4   8   16   32   64   128   0     202
96   50    35    10    19    1    8   1   2   4   8   16   32   64   128   0     205
97   30    5    10    8    1    8   1   2   4   8   16   32   64   128   61     71
98   56    39    10    36    1    8   1   2   4   8   16   32   64   128   142     152
99   2    48    10    1    1    8   1   2   4   8   16   32   64   128   0     184
100   20    26    10    9    1    8   1   2   4   8   16   32   64   128   83     93
