5   9   100   8  
0     150
0     150
0     150
0     150
0     150
0     150
0     150
0     150
0   35    35    0    0    0    0   0     230
1   37    31    10    14    8    1   255   85     115
2   30    60    10    16    8    1   255   114     144
3   24    58    10    19    8    1   255   48     78
4   36    26    10    18    8    1   255   180     210
5   31    52    10    27    8    1   255   40     70
6   63    23    10    2    8    1   255   126     156
7   10    20    10    19    8    1   255   65     95
8   30    5    10    8    8    1   255   51     81
9   49    11    10    18    8    1   255   59     89
10   61    52    10    3    8    1   255   86     116
11   20    50    10    5    8    1   255   71     101
12   27    69    10    10    8    1   255   34     64
13   27    43    10    9    8    1   255   42     72
14   8    56    10    27    8    1   255   41     71
15   53    52    10    11    8    1   255   27     57
16   12    24    10    13    8    1   255   66     96
17   31    67    10    3    8    1   255   85     115
18   45    10    10    18    8    1   255   87     117
19   16    22    10    41    8    1   255   81     111
20   46    13    10    8    8    1   255   139     169
21   45    20    10    11    4    2   85   170   52     82
22   64    42    10    9    4    2   85   170   53     83
23   32    12    10    7    4    2   85   170   91     121
24   17    34    10    3    4    2   85   170   152     182
25   55    54    10    26    4    2   85   170   84     114
26   50    35    10    19    4    2   85   170   53     83
27   67    5    10    25    4    2   85   170   73     103
28   42    7    10    5    4    2   85   170   87     117
29   40    60    10    21    4    2   85   170   61     91
30   25    21    10    12    4    2   85   170   123     153
31   2    48    10    1    4    2   85   170   107     137
32   28    18    10    26    4    2   85   170   83     113
33   35    17    10    7    4    2   85   170   40     70
34   18    24    10    22    4    2   85   170   169     199
35   15    47    10    16    4    2   85   170   45     75
36   37    47    10    6    4    2   85   170   40     70
37   19    21    10    10    4    2   85   170   48     78
38   14    37    10    11    4    2   85   170   34     64
39   15    19    10    1    4    2   85   170   150     180
40   15    60    10    17    4    2   85   170   66     96
41   26    27    10    27    3    2   73   146   90     120
42   18    18    10    17    3    2   73   146   165     195
43   5    30    10    2    3    2   73   146   147     177
44   30    25    10    23    3    2   73   146   149     179
45   11    31    10    7    3    2   73   146   91     121
46   26    35    10    15    3    2   73   146   166     196
47   56    37    10    6    3    2   73   146   168     198
48   57    29    10    18    3    2   73   146   130     160
49   35    69    10    23    3    2   73   146   131     161
50   41    49    10    10    3    2   73   146   151     181
51   53    43    10    14    3    2   73   146   169     199
52   55    5    10    29    3    2   73   146   58     88
53   44    17    10    9    3    2   73   146   68     98
54   22    27    10    11    3    2   73   146   125     155
55   55    60    10    16    3    2   73   146   87     117
56   24    12    10    5    3    2   73   146   25     55
57   65    35    10    3    3    2   73   146   143     173
58   5    5    10    16    3    2   73   146   73     103
59   4    18    10    35    3    2   73   146   84     114
60   25    24    10    20    3    2   73   146   29     59
61   22    22    10    2    2    4   17   34   68   136   18     48
62   65    20    10    6    2    4   17   34   68   136   156     186
63   56    39    10    36    2    4   17   34   68   136   132     162
64   15    30    10    26    2    4   17   34   68   136   24     54
65   20    40    10    12    2    4   17   34   68   136   77     107
66   49    73    10    25    2    4   17   34   68   136   117     147
67   23    3    10    7    2    4   17   34   68   136   122     152
68   47    47    10    13    2    4   17   34   68   136   114     144
69   40    25    10    9    2    4   17   34   68   136   75     105
70   57    48    10    23    2    4   17   34   68   136   82     112
71   57    68    10    15    2    4   17   34   68   136   67     97
72   53    12    10    6    2    4   17   34   68   136   120     150
73   21    24    10    28    2    4   17   34   68   136   17     47
74   45    65    10    9    2    4   17   34   68   136   116     146
75   20    26    10    9    2    4   17   34   68   136   73     103
76   2    60    10    5    2    4   17   34   68   136   41     71
77   49    58    10    10    2    4   17   34   68   136   78     108
78   62    77    10    20    2    4   17   34   68   136   49     79
79   35    40    10    16    2    4   17   34   68   136   27     57
80   41    37    10    16    2    4   17   34   68   136   29     59
81   65    55    10    14    1    8   1   2   4   8   16   32   64   128   107     137
82   55    45    10    13    1    8   1   2   4   8   16   32   64   128   106     136
83   47    16    10    25    1    8   1   2   4   8   16   32   64   128   25     55
84   26    52    10    9    1    8   1   2   4   8   16   32   64   128   64     94
85   55    20    10    19    1    8   1   2   4   8   16   32   64   128   139     169
86   13    52    10    36    1    8   1   2   4   8   16   32   64   128   155     185
87   11    14    10    18    1    8   1   2   4   8   16   32   64   128   59     89
88   6    38    10    16    1    8   1   2   4   8   16   32   64   128   29     59
89   45    30    10    17    1    8   1   2   4   8   16   32   64   128   122     152
90   37    56    10    5    1    8   1   2   4   8   16   32   64   128   168     198
91   15    10    10    20    1    8   1   2   4   8   16   32   64   128   32     62
92   60    12    10    31    1    8   1   2   4   8   16   32   64   128   34     64
93   10    43    10    9    1    8   1   2   4   8   16   32   64   128   85     115
94   20    65    10    12    1    8   1   2   4   8   16   32   64   128   57     87
95   6    68    10    30    1    8   1   2   4   8   16   32   64   128   98     128
96   49    42    10    13    1    8   1   2   4   8   16   32   64   128   63     93
97   15    77    10    9    1    8   1   2   4   8   16   32   64   128   63     93
98   63    65    10    8    1    8   1   2   4   8   16   32   64   128   133     163
99   25    30    10    3    1    8   1   2   4   8   16   32   64   128   89     119
100   20    20    10    8    1    8   1   2   4   8   16   32   64   128   124     154
