5   11   100   8   
0     150
0     150
0     150
0     150
0     150
0     150
0     150
0     150
0   35    35    0    0    0    0   0     230
1   30    5    10    8    8    1   255   61     71
2   13    52    10    36    8    1   255   165     175
3   57    29    10    18    8    1   255   140     150
4   22    22    10    2    8    1   255   18     28
5   55    54    10    26    8    1   255   94     104
6   61    52    10    3    8    1   255   96     106
7   19    21    10    10    8    1   255   58     68
8   18    18    10    17    8    1   255   185     195
9   37    31    10    14    8    1   255   95     105
10   56    39    10    36    8    1   255   142     152
11   57    48    10    23    8    1   255   92     102
12   55    45    10    13    8    1   255   116     126
13   30    60    10    16    8    1   255   124     134
14   2    60    10    5    8    1   255   41     51
15   64    42    10    9    8    1   255   63     73
16   65    20    10    6    8    1   255   172     182
17   25    21    10    12    8    1   255   133     143
18   41    49    10    10    8    1   255   161     171
19   65    55    10    14    8    1   255   117     127
20   47    16    10    25    8    1   255   35     45
21   44    17    10    9    4    2   85   170   78     88
22   67    5    10    25    4    2   85   170   83     93
23   20    65    10    12    4    2   85   170   67     77
24   20    50    10    5    4    2   85   170   81     91
25   26    27    10    27    4    2   85   170   100     110
26   46    13    10    8    4    2   85   170   149     159
27   20    40    10    12    4    2   85   170   87     97
28   10    20    10    19    4    2   85   170   75     85
29   37    47    10    6    4    2   85   170   50     60
30   56    37    10    6    4    2   85   170   182     192
31   45    20    10    11    4    2   85   170   62     72
32   15    10    10    20    4    2   85   170   32     42
33   14    37    10    11    4    2   85   170   44     54
34   55    20    10    19    4    2   85   170   149     159
35   41    37    10    16    4    2   85   170   39     49
36   15    60    10    17    4    2   85   170   76     86
37   53    52    10    11    4    2   85   170   37     47
38   26    35    10    15    4    2   85   170   176     186
39   45    10    10    18    4    2   85   170   97     107
40   24    58    10    19    4    2   85   170   58     68
41   28    18    10    26    3    2   73   146   93     103
42   49    58    10    10    3    2   73   146   88     98
43   35    69    10    23    3    2   73   146   141     151
44   60    12    10    31    3    2   73   146   44     54
45   18    24    10    22    3    2   73   146   188     198
46   62    77    10    20    3    2   73   146   51     61
47   37    56    10    5    3    2   73   146   182     192
48   55    60    10    16    3    2   73   146   97     107
49   5    5    10    16    3    2   73   146   83     93
50   6    38    10    16    3    2   73   146   32     42
51   22    27    10    11    3    2   73   146   135     145
52   25    30    10    3    3    2   73   146   99     109
53   15    19    10    1    3    2   73   146   160     170
54   36    26    10    18    3    2   73   146   200     210
55   11    14    10    18    3    2   73   146   69     79
56   49    11    10    18    3    2   73   146   69     79
57   2    48    10    1    3    2   73   146   117     127
58   50    35    10    19    3    2   73   146   63     73
59   53    12    10    6    3    2   73   146   130     140
60   21    24    10    28    3    2   73   146   18     28
61   65    35    10    3    2    4   17   34   68   136   153     163
62   12    24    10    13    2    4   17   34   68   136   76     86
63   11    31    10    7    2    4   17   34   68   136   101     111
64   15    77    10    9    2    4   17   34   68   136   73     83
65   30    25    10    23    2    4   17   34   68   136   159     169
66   15    30    10    26    2    4   17   34   68   136   34     44
67   63    65    10    8    2    4   17   34   68   136   143     153
68   26    52    10    9    2    4   17   34   68   136   74     84
69   10    43    10    9    2    4   17   34   68   136   95     105
70   40    60    10    21    2    4   17   34   68   136   71     81
71   45    30    10    17    2    4   17   34   68   136   132     142
72   31    52    10    27    2    4   17   34   68   136   50     60
73   63    23    10    2    2    4   17   34   68   136   136     146
74   27    43    10    9    2    4   17   34   68   136   52     62
75   17    34    10    3    2    4   17   34   68   136   162     172
76   25    24    10    20    2    4   17   34   68   136   39     49
77   45    65    10    9    2    4   17   34   68   136   126     136
78   4    18    10    35    2    4   17   34   68   136   94     104
79   35    40    10    16    2    4   17   34   68   136   37     47
80   40    25    10    9    2    4   17   34   68   136   85     95
81   31    67    10    3    1    8   1   2   4   8   16   32   64   128   95     105
82   42    7    10    5    1    8   1   2   4   8   16   32   64   128   97     107
83   35    17    10    7    1    8   1   2   4   8   16   32   64   128   50     60
84   5    30    10    2    1    8   1   2   4   8   16   32   64   128   157     167
85   15    47    10    16    1    8   1   2   4   8   16   32   64   128   55     65
86   16    22    10    41    1    8   1   2   4   8   16   32   64   128   91     101
87   6    68    10    30    1    8   1   2   4   8   16   32   64   128   108     118
88   55    5    10    29    1    8   1   2   4   8   16   32   64   128   68     78
89   32    12    10    7    1    8   1   2   4   8   16   32   64   128   101     111
90   20    20    10    8    1    8   1   2   4   8   16   32   64   128   134     144
91   24    12    10    5    1    8   1   2   4   8   16   32   64   128   31     41
92   20    26    10    9    1    8   1   2   4   8   16   32   64   128   83     93
93   49    73    10    25    1    8   1   2   4   8   16   32   64   128   127     137
94   8    56    10    27    1    8   1   2   4   8   16   32   64   128   51     61
95   57    68    10    15    1    8   1   2   4   8   16   32   64   128   77     87
96   49    42    10    13    1    8   1   2   4   8   16   32   64   128   73     83
97   23    3    10    7    1    8   1   2   4   8   16   32   64   128   132     142
98   53    43    10    14    1    8   1   2   4   8   16   32   64   128   179     189
99   27    69    10    10    1    8   1   2   4   8   16   32   64   128   34     44
100   47    47    10    13    1    8   1   2   4   8   16   32   64   128   124     134
