5   10   100   8   
0     180
0     180
0     180
0     180
0     180
0     180
0     180
0     180
0   35    35    0    0    0    0   0     230
1   65    55    10    14    8    1   255   0     183
2   32    12    10    7    8    1   255   101     111
3   55    60    10    16    8    1   255   97     107
4   42    7    10    5    8    1   255   97     107
5   11    14    10    18    8    1   255   69     79
6   2    48    10    1    8    1   255   117     127
7   30    5    10    8    8    1   255   61     71
8   46    13    10    8    8    1   255   149     159
9   56    39    10    36    8    1   255   142     152
10   13    52    10    36    8    1   255   0     192
11   16    22    10    41    8    1   255   0     196
12   36    26    10    18    8    1   255   200     210
13   62    77    10    20    8    1   255   51     61
14   18    24    10    22    8    1   255   188     198
15   15    19    10    1    8    1   255   0     194
16   6    38    10    16    8    1   255   32     42
17   17    34    10    3    8    1   255   162     172
18   56    37    10    6    8    1   255   182     192
19   35    17    10    7    8    1   255   0     202
20   61    52    10    3    8    1   255   96     106
21   14    37    10    11    4    2   85   170   0     198
22   37    47    10    6    4    2   85   170   50     60
23   4    18    10    35    4    2   85   170   94     104
24   63    23    10    2    4    2   85   170   136     146
25   27    69    10    10    4    2   85   170   34     44
26   49    58    10    10    4    2   85   170   88     98
27   19    21    10    10    4    2   85   170   0     198
28   35    40    10    16    4    2   85   170   37     47
29   37    56    10    5    4    2   85   170   182     192
30   67    5    10    25    4    2   85   170   83     93
31   11    31    10    7    4    2   85   170   101     111
32   27    43    10    9    4    2   85   170   0     208
33   15    77    10    9    4    2   85   170   73     83
34   31    67    10    3    4    2   85   170   95     105
35   47    47    10    13    4    2   85   170   0     203
36   15    47    10    16    4    2   85   170   0     196
37   30    25    10    23    4    2   85   170   159     169
38   25    30    10    3    4    2   85   170   99     109
39   40    25    10    9    4    2   85   170   85     95
40   22    22    10    2    4    2   85   170   18     28
41   57    48    10    23    3    2   73   146   92     102
42   6    68    10    30    3    2   73   146   108     118
43   44    17    10    9    3    2   73   146   78     88
44   26    35    10    15    3    2   73   146   176     186
45   8    56    10    27    3    2   73   146   51     61
46   55    5    10    29    3    2   73   146   68     78
47   64    42    10    9    3    2   73   146   63     73
48   30    60    10    16    3    2   73   146   124     134
49   45    20    10    11    3    2   73   146   0     201
50   20    65    10    12    3    2   73   146   67     77
51   2    60    10    5    3    2   73   146   41     51
52   40    60    10    21    3    2   73   146   71     81
53   57    68    10    15    3    2   73   146   77     87
54   47    16    10    25    3    2   73   146   0     197
55   49    73    10    25    3    2   73   146   127     137
56   10    43    10    9    3    2   73   146   95     105
57   15    60    10    17    3    2   73   146   76     86
58   57    29    10    18    3    2   73   146   140     150
59   18    18    10    17    3    2   73   146   185     195
60   23    3    10    7    3    2   73   146   132     142
61   37    31    10    14    2    4   17   34   68   136   95     105
62   20    20    10    8    2    4   17   34   68   136   0     198
63   15    10    10    20    2    4   17   34   68   136   32     42
64   20    40    10    12    2    4   17   34   68   136   87     97
65   24    58    10    19    2    4   17   34   68   136   58     68
66   12    24    10    13    2    4   17   34   68   136   76     86
67   26    27    10    27    2    4   17   34   68   136   0     207
68   53    12    10    6    2    4   17   34   68   136   130     140
69   60    12    10    31    2    4   17   34   68   136   44     54
70   41    49    10    10    2    4   17   34   68   136   0     204
71   28    18    10    26    2    4   17   34   68   136   93     103
72   55    54    10    26    2    4   17   34   68   136   94     104
73   5    5    10    16    2    4   17   34   68   136   83     93
74   65    20    10    6    2    4   17   34   68   136   172     182
75   45    10    10    18    2    4   17   34   68   136   97     107
76   15    30    10    26    2    4   17   34   68   136   0     199
77   25    21    10    12    2    4   17   34   68   136   133     143
78   55    20    10    19    2    4   17   34   68   136   149     159
79   25    24    10    20    2    4   17   34   68   136   0     205
80   26    52    10    9    2    4   17   34   68   136   74     84
81   45    30    10    17    1    8   1   2   4   8   16   32   64   128   0     208
82   5    30    10    2    1    8   1   2   4   8   16   32   64   128   157     167
83   53    52    10    11    1    8   1   2   4   8   16   32   64   128   37     47
84   55    45    10    13    1    8   1   2   4   8   16   32   64   128   0     197
85   49    42    10    13    1    8   1   2   4   8   16   32   64   128   73     83
86   21    24    10    28    1    8   1   2   4   8   16   32   64   128   0     202
87   63    65    10    8    1    8   1   2   4   8   16   32   64   128   143     153
88   35    69    10    23    1    8   1   2   4   8   16   32   64   128   141     151
89   53    43    10    14    1    8   1   2   4   8   16   32   64   128   179     189
90   31    52    10    27    1    8   1   2   4   8   16   32   64   128   0     202
91   20    50    10    5    1    8   1   2   4   8   16   32   64   128   0     198
92   49    11    10    18    1    8   1   2   4   8   16   32   64   128   0     192
93   10    20    10    19    1    8   1   2   4   8   16   32   64   128   75     85
94   65    35    10    3    1    8   1   2   4   8   16   32   64   128   153     163
95   24    12    10    5    1    8   1   2   4   8   16   32   64   128   31     41
96   45    65    10    9    1    8   1   2   4   8   16   32   64   128   126     136
97   41    37    10    16    1    8   1   2   4   8   16   32   64   128   39     49
98   50    35    10    19    1    8   1   2   4   8   16   32   64   128   0     205
99   20    26    10    9    1    8   1   2   4   8   16   32   64   128   83     93
100   22    27    10    11    1    8   1   2   4   8   16   32   64   128   0     204
