5   9   100   8  
0     135
0     135
0     135
0     135
0     135
0     135
0     135
0     135
0   40    50    0    0    0    0   0     240
1   0    45    10    20    8    1   255   147     180
2   15    75    10    20    8    1   255   35     155
3   18    80    10    10    8    1   255   98     157
4   30    60    10    16    8    1   255   150     160
5   27    43    10    9    8    1   255   14     134
6   15    60    10    17    8    1   255   137     202
7   15    80    10    10    8    1   255   101     111
8   45    65    10    9    8    1   255   55     106
9   35    40    10    16    8    1   255   11     43
10   24    58    10    19    8    1   255   67     96
11   60    85    10    30    8    1   255   87     112
12   37    47    10    6    8    1   255   74     127
13   45    30    10    17    8    1   255   53     82
14   31    67    10    3    8    1   255   200     210
15   20    50    10    5    8    1   255   101     111
16   40    60    10    21    8    1   255   144     173
17   90    35    10    10    8    1   255   52     112
18   30    25    10    23    8    1   255   82     139
19   6    68    10    30    8    1   255   99     109
20   95    35    10    20    8    1   255   60     93
21   37    31    10    14    4    2   85   170   19     139
22   42    12    10    10    4    2   85   170   109     128
23   57    48    10    23    4    2   85   170   50     170
24   5    45    10    10    4    2   85   170   35     117
25   62    80    10    30    4    2   85   170   85     95
26   57    29    10    18    4    2   85   170   106     116
27   2    45    10    10    4    2   85   170   38     109
28   25    30    10    3    4    2   85   170   25     145
29   65    20    10    6    4    2   85   170   39     108
30   55    60    10    16    4    2   85   170   127     180
31   55    54    10    26    4    2   85   170   87     207
32   55    20    10    19    4    2   85   170   69     126
33   40    15    10    40    4    2   85   170   94     119
34   44    5    10    20    4    2   85   170   79     124
35   49    42    10    13    4    2   85   170   97     217
36   0    40    10    20    4    2   85   170   59     114
37   5    35    10    10    4    2   85   170   152     162
38   63    23    10    2    4    2   85   170   42     162
39   38    15    10    10    4    2   85   170   128     194
40   53    43    10    14    4    2   85   170   15     25
41   87    30    10    10    3    2   73   146   116     175
42   92    30    10    10    3    2   73   146   55     120
43   2    60    10    5    3    2   73   146   65     118
44   40    5    10    10    3    2   73   146   45     165
45   8    45    10    20    3    2   73   146   32     152
46   88    30    10    10    3    2   73   146   75     102
47   8    40    10    40    3    2   73   146   69     79
48   65    82    10    10    3    2   73   146   69     189
49   42    5    10    10    3    2   73   146   64     184
50   23    3    10    7    3    2   73   146   163     173
51   20    80    10    40    3    2   73   146   151     161
52   2    40    10    20    3    2   73   146   68     78
53   85    35    10    30    3    2   73   146   62     182
54   63    65    10    8    3    2   73   146   27     147
55   64    42    10    9    3    2   73   146   80     90
56   50    35    10    19    3    2   73   146   130     159
57   20    20    10    8    3    2   73   146   151     161
58   72    35    10    30    3    2   73   146   71     191
59   18    75    10    20    3    2   73   146   96     123
60   10    40    10    30    3    2   73   146   123     144
61   26    35    10    15    2    4   17   34   68   136   87     97
62   95    30    10    30    2    4   17   34   68   136   58     171
63   42    15    10    10    2    4   17   34   68   136   111     162
64   88    35    10    20    2    4   17   34   68   136   50     170
65   60    12    10    31    2    4   17   34   68   136   85     95
66   35    69    10    23    2    4   17   34   68   136   172     210
67   65    55    10    14    2    4   17   34   68   136   52     107
68   55    82    10    10    2    4   17   34   68   136   74     84
69   35    5    10    20    2    4   17   34   68   136   171     181
70   22    75    10    30    2    4   17   34   68   136   30     150
71   56    37    10    6    2    4   17   34   68   136   20     140
72   5    5    10    16    2    4   17   34   68   136   57     172
73   67    85    10    20    2    4   17   34   68   136   138     169
74   65    35    10    3    2    4   17   34   68   136   62     72
75   58    75    10    20    2    4   17   34   68   136   92     121
76   42    10    10    40    2    4   17   34   68   136   58     115
77   4    18    10    35    2    4   17   34   68   136   112     157
78   22    85    10    10    2    4   17   34   68   136   64     184
79   25    85    10    20    2    4   17   34   68   136   71     191
80   61    52    10    3    2    4   17   34   68   136   173     208
81   20    82    10    10    1    8   1   2   4   8   16   32   64   128   37     72
82   12    24    10    13    1    8   1   2   4   8   16   32   64   128   100     110
83   60    80    10    10    1    8   1   2   4   8   16   32   64   128   36     74
84   10    20    10    19    1    8   1   2   4   8   16   32   64   128   42     162
85   31    52    10    27    1    8   1   2   4   8   16   32   64   128   51     61
86   55    85    10    20    1    8   1   2   4   8   16   32   64   128   117     168
87   38    5    10    30    1    8   1   2   4   8   16   32   64   128   75     85
88   85    25    10    10    1    8   1   2   4   8   16   32   64   128   51     85
89   15    10    10    20    1    8   1   2   4   8   16   32   64   128   172     182
90   41    37    10    16    1    8   1   2   4   8   16   32   64   128   134     161
91   8    56    10    27    1    8   1   2   4   8   16   32   64   128   90     119
92   67    5    10    25    1    8   1   2   4   8   16   32   64   128   105     177
93   10    35    10    20    1    8   1   2   4   8   16   32   64   128   101     111
94   55    80    10    10    1    8   1   2   4   8   16   32   64   128   33     66
95   21    24    10    28    1    8   1   2   4   8   16   32   64   128   77     126
96   20    85    10    20    1    8   1   2   4   8   16   32   64   128   40     160
97   47    47    10    13    1    8   1   2   4   8   16   32   64   128   190     222
98   26    52    10    9    1    8   1   2   4   8   16   32   64   128   14     134
99   49    58    10    10    1    8   1   2   4   8   16   32   64   128   80     121
100   65    85    10    40    1    8   1   2   4   8   16   32   64   128   43     78
