5   8   100   8  
0     140
0     140
0     140
0     140
0     140
0     140
0     140
0     140
0   40    50    0    0    0    0   0     240
1   6    68    10    30    8    1   255   89     119
2   26    52    10    9    8    1   255   0     215
3   2    60    10    5    8    1   255   77     107
4   47    47    10    13    8    1   255   192     222
5   72    35    10    30    8    1   255   0     194
6   65    20    10    6    8    1   255   39     69
7   10    20    10    19    8    1   255   0     187
8   92    30    10    10    8    1   255   62     92
9   15    80    10    10    8    1   255   91     121
10   85    35    10    30    8    1   255   0     182
11   49    42    10    13    8    1   255   0     217
12   50    35    10    19    8    1   255   130     160
13   87    30    10    10    8    1   255   131     161
14   26    35    10    15    8    1   255   77     107
15   20    50    10    5    8    1   255   91     121
16   90    35    10    10    8    1   255   67     97
17   12    24    10    13    8    1   255   90     120
18   22    85    10    10    8    1   255   0     190
19   18    80    10    10    8    1   255   113     143
20   42    5    10    10    8    1   255   0     184
21   57    29    10    18    4    2   85   170   96     126
22   88    35    10    20    4    2   85   170   0     179
23   15    10    10    20    4    2   85   170   152     182
24   23    3    10    7    4    2   85   170   150     180
25   60    12    10    31    4    2   85   170   75     105
26   20    80    10    40    4    2   85   170   141     171
27   37    47    10    6    4    2   85   170   86     116
28   5    35    10    10    4    2   85   170   142     172
29   31    52    10    27    4    2   85   170   41     71
30   60    85    10    30    4    2   85   170   85     115
31   21    24    10    28    4    2   85   170   87     117
32   62    80    10    30    4    2   85   170   75     105
33   8    56    10    27    4    2   85   170   90     120
34   27    43    10    9    4    2   85   170   0     215
35   57    48    10    23    4    2   85   170   0     212
36   38    15    10    10    4    2   85   170   148     178
37   85    25    10    10    4    2   85   170   51     81
38   15    60    10    17    4    2   85   170   155     185
39   55    82    10    10    4    2   85   170   64     94
40   25    85    10    20    4    2   85   170   0     191
41   35    5    10    20    3    2   73   146   154     184
42   65    82    10    10    3    2   73   146   0     189
43   67    85    10    20    3    2   73   146   139     169
44   4    18    10    35    3    2   73   146   120     150
45   40    15    10    40    3    2   73   146   92     122
46   55    85    10    20    3    2   73   146   128     158
47   35    69    10    23    3    2   73   146   180     210
48   42    10    10    40    3    2   73   146   72     102
49   35    40    10    16    3    2   73   146   11     41
50   10    40    10    30    3    2   73   146   119     149
51   10    35    10    20    3    2   73   146   91     121
52   45    30    10    17    3    2   73   146   53     83
53   95    30    10    30    3    2   73   146   0     171
54   55    60    10    16    3    2   73   146   139     169
55   41    37    10    16    3    2   73   146   133     163
56   20    85    10    20    3    2   73   146   0     189
57   38    5    10    30    3    2   73   146   65     95
58   22    75    10    30    3    2   73   146   0     199
59   49    58    10    10    3    2   73   146   86     116
60   55    54    10    26    3    2   73   146   0     214
61   0    45    10    20    2    4   17   34   68   136   149     179
62   20    20    10    8    2    4   17   34   68   136   141     171
63   0    40    10    20    2    4   17   34   68   136   72     102
64   31    67    10    3    2    4   17   34   68   136   180     210
65   56    37    10    6    2    4   17   34   68   136   0     209
66   37    31    10    14    2    4   17   34   68   136   0     210
67   53    43    10    14    2    4   17   34   68   136   14     44
68   45    65    10    9    2    4   17   34   68   136   66     96
69   24    58    10    19    2    4   17   34   68   136   67     97
70   8    45    10    20    2    4   17   34   68   136   0     197
71   61    52    10    3    2    4   17   34   68   136   178     208
72   20    82    10    10    2    4   17   34   68   136   37     67
73   30    60    10    16    2    4   17   34   68   136   140     170
74   15    75    10    20    2    4   17   34   68   136   0     194
75   55    80    10    10    2    4   17   34   68   136   33     63
76   64    42    10    9    2    4   17   34   68   136   70     100
77   63    65    10    8    2    4   17   34   68   136   0     202
78   2    40    10    20    2    4   17   34   68   136   58     88
79   95    35    10    20    2    4   17   34   68   136   62     92
80   42    12    10    10    2    4   17   34   68   136   104     134
81   65    55    10    14    1    8   1   2   4   8   16   32   64   128   65     95
82   40    5    10    10    1    8   1   2   4   8   16   32   64   128   0     185
83   44    5    10    20    1    8   1   2   4   8   16   32   64   128   87     117
84   8    40    10    40    1    8   1   2   4   8   16   32   64   128   59     89
85   67    5    10    25    1    8   1   2   4   8   16   32   64   128   144     174
86   63    23    10    2    1    8   1   2   4   8   16   32   64   128   0     194
87   5    45    10    10    1    8   1   2   4   8   16   32   64   128   35     65
88   65    35    10    3    1    8   1   2   4   8   16   32   64   128   52     82
89   2    45    10    10    1    8   1   2   4   8   16   32   64   128   45     75
90   65    85    10    40    1    8   1   2   4   8   16   32   64   128   43     73
91   60    80    10    10    1    8   1   2   4   8   16   32   64   128   37     67
92   18    75    10    20    1    8   1   2   4   8   16   32   64   128   95     125
93   42    15    10    10    1    8   1   2   4   8   16   32   64   128   122     152
94   55    20    10    19    1    8   1   2   4   8   16   32   64   128   83     113
95   30    25    10    23    1    8   1   2   4   8   16   32   64   128   96     126
96   40    60    10    21    1    8   1   2   4   8   16   32   64   128   144     174
97   25    30    10    3    1    8   1   2   4   8   16   32   64   128   0     205
98   58    75    10    20    1    8   1   2   4   8   16   32   64   128   92     122
99   5    5    10    16    1    8   1   2   4   8   16   32   64   128   0     172
100   88    30    10    10    1    8   1   2   4   8   16   32   64   128   74     104
