5   9   100   8  
0     150
0     150
0     150
0     150
0     150
0     150
0     150
0     150
0   40    50    0    0    0    0   0     240
1   60    85    10    30    8    1   255   85     115
2   0    45    10    20    8    1   255   149     179
3   15    60    10    17    8    1   255   155     185
4   85    35    10    30    8    1   255   111     141
5   55    85    10    20    8    1   255   128     158
6   88    35    10    20    8    1   255   61     91
7   65    35    10    3    8    1   255   52     82
8   65    85    10    40    8    1   255   43     73
9   22    85    10    10    8    1   255   109     139
10   35    5    10    20    8    1   255   154     184
11   58    75    10    20    8    1   255   92     122
12   12    24    10    13    8    1   255   90     120
13   2    45    10    10    8    1   255   45     75
14   57    29    10    18    8    1   255   96     126
15   8    40    10    40    8    1   255   59     89
16   55    80    10    10    8    1   255   33     63
17   44    5    10    20    8    1   255   87     117
18   62    80    10    30    8    1   255   75     105
19   8    56    10    27    8    1   255   90     120
20   53    43    10    14    8    1   255   14     44
21   38    15    10    10    4    2   85   170   148     178
22   20    80    10    40    4    2   85   170   141     171
23   5    45    10    10    4    2   85   170   35     65
24   85    25    10    10    4    2   85   170   51     81
25   31    52    10    27    4    2   85   170   41     71
26   60    12    10    31    4    2   85   170   75     105
27   45    30    10    17    4    2   85   170   53     83
28   92    30    10    10    4    2   85   170   62     92
29   40    60    10    21    4    2   85   170   144     174
30   20    82    10    10    4    2   85   170   37     67
31   88    30    10    10    4    2   85   170   74     104
32   56    37    10    6    4    2   85   170   34     64
33   42    15    10    10    4    2   85   170   122     152
34   20    50    10    5    4    2   85   170   91     121
35   95    35    10    20    4    2   85   170   62     92
36   50    35    10    19    4    2   85   170   130     160
37   5    5    10    16    4    2   85   170   74     104
38   61    52    10    3    4    2   85   170   178     208
39   10    40    10    30    4    2   85   170   119     149
40   30    60    10    16    4    2   85   170   140     170
41   41    37    10    16    3    2   73   146   133     163
42   42    12    10    10    3    2   73   146   104     134
43   15    80    10    10    3    2   73   146   91     121
44   67    85    10    20    3    2   73   146   139     169
45   42    5    10    10    3    2   73   146   151     181
46   0    40    10    20    3    2   73   146   72     102
47   55    54    10    26    3    2   73   146   132     162
48   47    47    10    13    3    2   73   146   192     222
49   40    5    10    10    3    2   73   146   67     97
50   21    24    10    28    3    2   73   146   87     117
51   20    20    10    8    3    2   73   146   141     171
52   18    80    10    10    3    2   73   146   113     143
53   60    80    10    10    3    2   73   146   37     67
54   87    30    10    10    3    2   73   146   131     161
55   15    75    10    20    3    2   73   146   79     109
56   90    35    10    10    3    2   73   146   67     97
57   65    82    10    10    3    2   73   146   124     154
58   27    43    10    9    3    2   73   146   42     72
59   65    20    10    6    3    2   73   146   39     69
60   23    3    10    7    3    2   73   146   150     180
61   49    58    10    10    2    4   17   34   68   136   86     116
62   10    35    10    20    2    4   17   34   68   136   91     121
63   42    10    10    40    2    4   17   34   68   136   72     102
64   8    45    10    20    2    4   17   34   68   136   64     94
65   38    5    10    30    2    4   17   34   68   136   65     95
66   30    25    10    23    2    4   17   34   68   136   96     126
67   31    67    10    3    2    4   17   34   68   136   180     210
68   24    58    10    19    2    4   17   34   68   136   67     97
69   40    15    10    40    2    4   17   34   68   136   92     122
70   45    65    10    9    2    4   17   34   68   136   66     96
71   57    48    10    23    2    4   17   34   68   136   95     125
72   55    60    10    16    2    4   17   34   68   136   139     169
73   20    85    10    20    2    4   17   34   68   136   41     71
74   35    69    10    23    2    4   17   34   68   136   180     210
75   64    42    10    9    2    4   17   34   68   136   70     100
76   67    5    10    25    2    4   17   34   68   136   144     174
77   25    30    10    3    2    4   17   34   68   136   52     82
78   26    52    10    9    2    4   17   34   68   136   46     76
79   5    35    10    10    2    4   17   34   68   136   142     172
80   35    40    10    16    2    4   17   34   68   136   11     41
81   6    68    10    30    1    8   1   2   4   8   16   32   64   128   89     119
82   2    40    10    20    1    8   1   2   4   8   16   32   64   128   58     88
83   15    10    10    20    1    8   1   2   4   8   16   32   64   128   152     182
84   55    20    10    19    1    8   1   2   4   8   16   32   64   128   83     113
85   4    18    10    35    1    8   1   2   4   8   16   32   64   128   120     150
86   63    65    10    8    1    8   1   2   4   8   16   32   64   128   30     60
87   18    75    10    20    1    8   1   2   4   8   16   32   64   128   95     125
88   10    20    10    19    1    8   1   2   4   8   16   32   64   128   42     72
89   2    60    10    5    1    8   1   2   4   8   16   32   64   128   77     107
90   65    55    10    14    1    8   1   2   4   8   16   32   64   128   65     95
91   37    47    10    6    1    8   1   2   4   8   16   32   64   128   86     116
92   26    35    10    15    1    8   1   2   4   8   16   32   64   128   77     107
93   55    82    10    10    1    8   1   2   4   8   16   32   64   128   64     94
94   25    85    10    20    1    8   1   2   4   8   16   32   64   128   145     175
95   37    31    10    14    1    8   1   2   4   8   16   32   64   128   35     65
96   95    30    10    30    1    8   1   2   4   8   16   32   64   128   115     145
97   49    42    10    13    1    8   1   2   4   8   16   32   64   128   167     197
98   63    23    10    2    1    8   1   2   4   8   16   32   64   128   87     117
99   22    75    10    30    1    8   1   2   4   8   16   32   64   128   50     80
100   72    35    10    30    1    8   1   2   4   8   16   32   64   128   116     146
