5   7   100   8  
0     160
0     160
0     160
0     160
0     160
0     160
0     160
0     160
0   40    50    0    0    0    0   0     240
1   12    24    10    13    8    1   255   90     120
2   22    75    10    30    8    1   255   0     199
3   87    30    10    10    8    1   255   0     178
4   85    35    10    30    8    1   255   0     182
5   58    75    10    20    8    1   255   0     199
6   31    52    10    27    8    1   255   41     71
7   41    37    10    16    8    1   255   0     216
8   95    30    10    30    8    1   255   0     171
9   0    40    10    20    8    1   255   0     188
10   20    80    10    40    8    1   255   141     171
11   47    47    10    13    8    1   255   0     222
12   55    54    10    26    8    1   255   0     214
13   42    10    10    40    8    1   255   0     189
14   25    85    10    20    8    1   255   0     191
15   18    80    10    10    8    1   255   0     192
16   40    5    10    10    8    1   255   0     185
17   15    80    10    10    8    1   255   91     121
18   2    45    10    10    8    1   255   0     191
19   2    60    10    5    8    1   255   0     190
20   24    58    10    19    8    1   255   0     212
21   40    15    10    40    4    2   85   170   0     195
22   35    69    10    23    4    2   85   170   0     210
23   18    75    10    20    4    2   85   170   0     196
24   55    60    10    16    4    2   85   170   0     211
25   10    35    10    20    4    2   85   170   91     121
26   37    31    10    14    4    2   85   170   0     210
27   72    35    10    30    4    2   85   170   0     194
28   15    60    10    17    4    2   85   170   0     203
29   2    40    10    20    4    2   85   170   58     88
30   40    60    10    21    4    2   85   170   0     220
31   62    80    10    30    4    2   85   170   75     105
32   95    35    10    20    4    2   85   170   0     172
33   26    35    10    15    4    2   85   170   77     107
34   65    20    10    6    4    2   85   170   0     190
35   4    18    10    35    4    2   85   170   0     181
36   49    58    10    10    4    2   85   170   0     217
37   37    47    10    6    4    2   85   170   0     225
38   88    30    10    10    4    2   85   170   0     178
39   8    45    10    20    4    2   85   170   0     197
40   5    35    10    10    4    2   85   170   142     172
41   20    20    10    8    3    2   73   146   141     171
42   55    80    10    10    3    2   73   146   0     196
43   55    85    10    20    3    2   73   146   0     191
44   65    82    10    10    3    2   73   146   0     189
45   45    30    10    17    3    2   73   146   0     209
46   60    12    10    31    3    2   73   146   75     105
47   57    48    10    23    3    2   73   146   0     212
48   50    35    10    19    3    2   73   146   0     211
49   61    52    10    3    3    2   73   146   0     208
50   64    42    10    9    3    2   73   146   70     100
51   55    20    10    19    3    2   73   146   0     196
52   25    30    10    3    3    2   73   146   0     205
53   67    85    10    20    3    2   73   146   0     185
54   31    67    10    3    3    2   73   146   180     210
55   20    85    10    20    3    2   73   146   0     189
56   5    5    10    16    3    2   73   146   0     172
57   65    35    10    3    3    2   73   146   52     82
58   42    12    10    10    3    2   73   146   0     191
59   21    24    10    28    3    2   73   146   0     197
60   56    37    10    6    3    2   73   146   0     209
61   8    40    10    40    2    4   17   34   68   136   59     89
62   60    85    10    30    2    4   17   34   68   136   0     189
63   5    45    10    10    2    4   17   34   68   136   0     194
64   67    5    10    25    2    4   17   34   68   136   0     177
65   27    43    10    9    2    4   17   34   68   136   0     215
66   38    15    10    10    2    4   17   34   68   136   0     194
67   22    85    10    10    2    4   17   34   68   136   0     190
68   60    80    10    10    2    4   17   34   68   136   0     193
69   23    3    10    7    2    4   17   34   68   136   150     180
70   10    20    10    19    2    4   17   34   68   136   0     187
71   88    35    10    20    2    4   17   34   68   136   0     179
72   26    52    10    9    2    4   17   34   68   136   0     215
73   65    55    10    14    2    4   17   34   68   136   0     204
74   10    40    10    30    2    4   17   34   68   136   0     198
75   63    23    10    2    2    4   17   34   68   136   0     194
76   15    10    10    20    2    4   17   34   68   136   152     182
77   49    42    10    13    2    4   17   34   68   136   0     217
78   42    5    10    10    2    4   17   34   68   136   0     184
79   8    56    10    27    2    4   17   34   68   136   0     197
80   30    25    10    23    2    4   17   34   68   136   0     203
81   6    68    10    30    1    8   1   2   4   8   16   32   64   128   89     119
82   42    15    10    10    1    8   1   2   4   8   16   32   64   128   0     194
83   63    65    10    8    1    8   1   2   4   8   16   32   64   128   0     202
84   92    30    10    10    1    8   1   2   4   8   16   32   64   128   0     174
85   90    35    10    10    1    8   1   2   4   8   16   32   64   128   0     177
86   20    82    10    10    1    8   1   2   4   8   16   32   64   128   0     192
87   65    85    10    40    1    8   1   2   4   8   16   32   64   128   0     186
88   38    5    10    30    1    8   1   2   4   8   16   32   64   128   65     95
89   57    29    10    18    1    8   1   2   4   8   16   32   64   128   96     126
90   44    5    10    20    1    8   1   2   4   8   16   32   64   128   0     184
91   53    43    10    14    1    8   1   2   4   8   16   32   64   128   14     44
92   85    25    10    10    1    8   1   2   4   8   16   32   64   128   0     178
93   35    40    10    16    1    8   1   2   4   8   16   32   64   128   0     218
94   35    5    10    20    1    8   1   2   4   8   16   32   64   128   154     184
95   20    50    10    5    1    8   1   2   4   8   16   32   64   128   91     121
96   45    65    10    9    1    8   1   2   4   8   16   32   64   128   0     214
97   55    82    10    10    1    8   1   2   4   8   16   32   64   128   64     94
98   30    60    10    16    1    8   1   2   4   8   16   32   64   128   140     170
99   15    75    10    20    1    8   1   2   4   8   16   32   64   128   0     194
100   0    45    10    20    1    8   1   2   4   8   16   32   64   128   0     189
