5   7   100   8  
0     145
0     145
0     145
0     145
0     145
0     145
0     145
0     145
0   40    50    0    0    0    0   0     240
1   31    67    10    3    8    1   255   180     210
2   63    65    10    8    8    1   255   0     202
3   57    48    10    23    8    1   255   0     212
4   88    35    10    20    8    1   255   0     179
5   49    42    10    13    8    1   255   0     217
6   5    45    10    10    8    1   255   0     194
7   58    75    10    20    8    1   255   92     122
8   45    30    10    17    8    1   255   53     83
9   26    35    10    15    8    1   255   77     107
10   2    40    10    20    8    1   255   58     88
11   15    60    10    17    8    1   255   0     203
12   20    50    10    5    8    1   255   91     121
13   8    45    10    20    8    1   255   0     197
14   65    55    10    14    8    1   255   0     204
15   67    85    10    20    8    1   255   139     169
16   35    40    10    16    8    1   255   11     41
17   4    18    10    35    8    1   255   0     181
18   18    75    10    20    8    1   255   95     125
19   26    52    10    9    8    1   255   0     215
20   31    52    10    27    8    1   255   41     71
21   38    5    10    30    4    2   85   170   65     95
22   20    82    10    10    4    2   85   170   37     67
23   55    80    10    10    4    2   85   170   33     63
24   0    45    10    20    4    2   85   170   149     179
25   37    47    10    6    4    2   85   170   0     225
26   60    12    10    31    4    2   85   170   75     105
27   27    43    10    9    4    2   85   170   0     215
28   60    85    10    30    4    2   85   170   85     115
29   61    52    10    3    4    2   85   170   178     208
30   15    10    10    20    4    2   85   170   152     182
31   30    60    10    16    4    2   85   170   140     170
32   63    23    10    2    4    2   85   170   0     194
33   65    82    10    10    4    2   85   170   0     189
34   42    12    10    10    4    2   85   170   104     134
35   25    85    10    20    4    2   85   170   0     191
36   8    40    10    40    4    2   85   170   59     89
37   2    60    10    5    4    2   85   170   0     190
38   37    31    10    14    4    2   85   170   0     210
39   65    85    10    40    4    2   85   170   43     73
40   40    60    10    21    4    2   85   170   144     174
41   10    35    10    20    3    2   73   146   91     121
42   10    40    10    30    3    2   73   146   119     149
43   20    20    10    8    3    2   73   146   141     171
44   20    80    10    40    3    2   73   146   141     171
45   47    47    10    13    3    2   73   146   192     222
46   62    80    10    30    3    2   73   146   75     105
47   12    24    10    13    3    2   73   146   90     120
48   44    5    10    20    3    2   73   146   0     184
49   2    45    10    10    3    2   73   146   0     191
50   65    35    10    3    3    2   73   146   52     82
51   0    40    10    20    3    2   73   146   0     188
52   15    80    10    10    3    2   73   146   91     121
53   53    43    10    14    3    2   73   146   14     44
54   22    75    10    30    3    2   73   146   0     199
55   35    5    10    20    3    2   73   146   154     184
56   55    60    10    16    3    2   73   146   0     211
57   24    58    10    19    3    2   73   146   67     97
58   88    30    10    10    3    2   73   146   74     104
59   85    25    10    10    3    2   73   146   51     81
60   67    5    10    25    3    2   73   146   0     177
61   90    35    10    10    2    4   17   34   68   136   0     177
62   95    35    10    20    2    4   17   34   68   136   62     92
63   8    56    10    27    2    4   17   34   68   136   90     120
64   50    35    10    19    2    4   17   34   68   136   130     160
65   38    15    10    10    2    4   17   34   68   136   0     194
66   42    10    10    40    2    4   17   34   68   136   0     189
67   41    37    10    16    2    4   17   34   68   136   133     163
68   35    69    10    23    2    4   17   34   68   136   180     210
69   87    30    10    10    2    4   17   34   68   136   0     178
70   6    68    10    30    2    4   17   34   68   136   89     119
71   42    15    10    10    2    4   17   34   68   136   0     194
72   49    58    10    10    2    4   17   34   68   136   0     217
73   25    30    10    3    2    4   17   34   68   136   0     205
74   30    25    10    23    2    4   17   34   68   136   0     203
75   55    82    10    10    2    4   17   34   68   136   64     94
76   57    29    10    18    2    4   17   34   68   136   96     126
77   56    37    10    6    2    4   17   34   68   136   0     209
78   65    20    10    6    2    4   17   34   68   136   0     190
79   85    35    10    30    2    4   17   34   68   136   0     182
80   60    80    10    10    2    4   17   34   68   136   37     67
81   55    20    10    19    1    8   1   2   4   8   16   32   64   128   0     196
82   45    65    10    9    1    8   1   2   4   8   16   32   64   128   0     214
83   18    80    10    10    1    8   1   2   4   8   16   32   64   128   0     192
84   20    85    10    20    1    8   1   2   4   8   16   32   64   128   0     189
85   10    20    10    19    1    8   1   2   4   8   16   32   64   128   0     187
86   95    30    10    30    1    8   1   2   4   8   16   32   64   128   0     171
87   22    85    10    10    1    8   1   2   4   8   16   32   64   128   0     190
88   21    24    10    28    1    8   1   2   4   8   16   32   64   128   0     197
89   64    42    10    9    1    8   1   2   4   8   16   32   64   128   70     100
90   55    85    10    20    1    8   1   2   4   8   16   32   64   128   0     191
91   15    75    10    20    1    8   1   2   4   8   16   32   64   128   0     194
92   5    35    10    10    1    8   1   2   4   8   16   32   64   128   142     172
93   5    5    10    16    1    8   1   2   4   8   16   32   64   128   0     172
94   42    5    10    10    1    8   1   2   4   8   16   32   64   128   0     184
95   40    5    10    10    1    8   1   2   4   8   16   32   64   128   0     185
96   40    15    10    40    1    8   1   2   4   8   16   32   64   128   92     122
97   23    3    10    7    1    8   1   2   4   8   16   32   64   128   150     180
98   72    35    10    30    1    8   1   2   4   8   16   32   64   128   0     194
99   55    54    10    26    1    8   1   2   4   8   16   32   64   128   0     214
100   92    30    10    10    1    8   1   2   4   8   16   32   64   128   0     174
